0/100 background score: 0.00    mIoU: 52.392%   FP: 43.824      FN: 3.784
1/100 background score: 0.01    mIoU: 53.568%   FP: 42.655      FN: 3.777
2/100 background score: 0.02    mIoU: 54.692%   FP: 41.524      FN: 3.784
3/100 background score: 0.03    mIoU: 55.752%   FP: 40.444      FN: 3.804
4/100 background score: 0.04    mIoU: 56.754%   FP: 39.410      FN: 3.836
5/100 background score: 0.05    mIoU: 57.714%   FP: 38.406      FN: 3.880
6/100 background score: 0.06    mIoU: 58.632%   FP: 37.431      FN: 3.937
7/100 background score: 0.07    mIoU: 59.511%   FP: 36.487      FN: 4.002
8/100 background score: 0.08    mIoU: 60.341%   FP: 35.583      FN: 4.077
9/100 background score: 0.09    mIoU: 61.134%   FP: 34.708      FN: 4.159
10/100 background score: 0.10   mIoU: 61.896%   FP: 33.857      FN: 4.247
11/100 background score: 0.11   mIoU: 62.633%   FP: 33.026      FN: 4.341
12/100 background score: 0.12   mIoU: 63.351%   FP: 32.214      FN: 4.435
13/100 background score: 0.13   mIoU: 64.038%   FP: 31.424      FN: 4.537
14/100 background score: 0.14   mIoU: 64.691%   FP: 30.663      FN: 4.646
15/100 background score: 0.15   mIoU: 65.317%   FP: 29.922      FN: 4.761
16/100 background score: 0.16   mIoU: 65.922%   FP: 29.200      FN: 4.878
17/100 background score: 0.17   mIoU: 66.506%   FP: 28.492      FN: 5.002
18/100 background score: 0.18   mIoU: 67.068%   FP: 27.801      FN: 5.131
19/100 background score: 0.19   mIoU: 67.605%   FP: 27.132      FN: 5.262
20/100 background score: 0.20   mIoU: 68.115%   FP: 26.488      FN: 5.396
21/100 background score: 0.21   mIoU: 68.598%   FP: 25.869      FN: 5.534
22/100 background score: 0.22   mIoU: 69.055%   FP: 25.269      FN: 5.676
23/100 background score: 0.23   mIoU: 69.495%   FP: 24.683      FN: 5.822
24/100 background score: 0.24   mIoU: 69.916%   FP: 24.112      FN: 5.972
25/100 background score: 0.25   mIoU: 70.321%   FP: 23.555      FN: 6.124
26/100 background score: 0.26   mIoU: 70.706%   FP: 23.010      FN: 6.283
27/100 background score: 0.27   mIoU: 71.074%   FP: 22.479      FN: 6.447
28/100 background score: 0.28   mIoU: 71.424%   FP: 21.956      FN: 6.620
29/100 background score: 0.29   mIoU: 71.761%   FP: 21.440      FN: 6.798
30/100 background score: 0.30   mIoU: 72.078%   FP: 20.936      FN: 6.986
31/100 background score: 0.31   mIoU: 72.373%   FP: 20.444      FN: 7.183
32/100 background score: 0.32   mIoU: 72.655%   FP: 19.960      FN: 7.385
33/100 background score: 0.33   mIoU: 72.925%   FP: 19.483      FN: 7.593
34/100 background score: 0.34   mIoU: 73.176%   FP: 19.018      FN: 7.806
35/100 background score: 0.35   mIoU: 73.412%   FP: 18.561      FN: 8.026
36/100 background score: 0.36   mIoU: 73.633%   FP: 18.114      FN: 8.253
37/100 background score: 0.37   mIoU: 73.836%   FP: 17.678      FN: 8.486
38/100 background score: 0.38   mIoU: 74.018%   FP: 17.254      FN: 8.729
39/100 background score: 0.39   mIoU: 74.183%   FP: 16.836      FN: 8.980
40/100 background score: 0.40   mIoU: 74.336%   FP: 16.425      FN: 9.240
41/100 background score: 0.41   mIoU: 74.470%   FP: 16.023      FN: 9.507
42/100 background score: 0.42   mIoU: 74.589%   FP: 15.625      FN: 9.786
43/100 background score: 0.43   mIoU: 74.691%   FP: 15.233      FN: 10.076
44/100 background score: 0.44   mIoU: 74.777%   FP: 14.847      FN: 10.376
45/100 background score: 0.45   mIoU: 74.844%   FP: 14.469      FN: 10.687
46/100 background score: 0.46   mIoU: 74.895%   FP: 14.096      FN: 11.009
47/100 background score: 0.47   mIoU: 74.930%   FP: 13.726      FN: 11.344
48/100 background score: 0.48   mIoU: 74.952%   FP: 13.360      FN: 11.688
49/100 background score: 0.49   mIoU: 74.966%   FP: 12.995      FN: 12.039
50/100 background score: 0.50   mIoU: 74.966%   FP: 12.631      FN: 12.403
51/100 background score: 0.51   mIoU: 74.949%   FP: 12.274      FN: 12.776
52/100 background score: 0.52   mIoU: 74.910%   FP: 11.928      FN: 13.162
53/100 background score: 0.53   mIoU: 74.854%   FP: 11.586      FN: 13.560
54/100 background score: 0.54   mIoU: 74.772%   FP: 11.248      FN: 13.981
55/100 background score: 0.55   mIoU: 74.667%   FP: 10.916      FN: 14.417
56/100 background score: 0.56   mIoU: 74.535%   FP: 10.592      FN: 14.873
57/100 background score: 0.57   mIoU: 74.380%   FP: 10.273      FN: 15.348
58/100 background score: 0.58   mIoU: 74.190%   FP: 9.961       FN: 15.850
59/100 background score: 0.59   mIoU: 73.976%   FP: 9.650       FN: 16.374
60/100 background score: 0.60   mIoU: 73.732%   FP: 9.346       FN: 16.921
61/100 background score: 0.61   mIoU: 73.447%   FP: 9.049       FN: 17.504
62/100 background score: 0.62   mIoU: 73.135%   FP: 8.758       FN: 18.107
63/100 background score: 0.63   mIoU: 72.787%   FP: 8.473       FN: 18.740
64/100 background score: 0.64   mIoU: 72.407%   FP: 8.193       FN: 19.401
65/100 background score: 0.65   mIoU: 71.985%   FP: 7.915       FN: 20.101
66/100 background score: 0.66   mIoU: 71.525%   FP: 7.638       FN: 20.837
67/100 background score: 0.67   mIoU: 71.014%   FP: 7.365       FN: 21.621
68/100 background score: 0.68   mIoU: 70.449%   FP: 7.097       FN: 22.454
69/100 background score: 0.69   mIoU: 69.818%   FP: 6.831       FN: 23.351
70/100 background score: 0.70   mIoU: 69.127%   FP: 6.571       FN: 24.302
71/100 background score: 0.71   mIoU: 68.370%   FP: 6.316       FN: 25.314
72/100 background score: 0.72   mIoU: 67.539%   FP: 6.060       FN: 26.401
73/100 background score: 0.73   mIoU: 66.634%   FP: 5.804       FN: 27.562
74/100 background score: 0.74   mIoU: 65.651%   FP: 5.554       FN: 28.796
75/100 background score: 0.75   mIoU: 64.582%   FP: 5.305       FN: 30.113
76/100 background score: 0.76   mIoU: 63.413%   FP: 5.058       FN: 31.528
77/100 background score: 0.77   mIoU: 62.146%   FP: 4.813       FN: 33.040
78/100 background score: 0.78   mIoU: 60.767%   FP: 4.574       FN: 34.659
79/100 background score: 0.79   mIoU: 59.245%   FP: 4.340       FN: 36.415
80/100 background score: 0.80   mIoU: 57.577%   FP: 4.113       FN: 38.310
81/100 background score: 0.81   mIoU: 55.743%   FP: 3.896       FN: 40.361
82/100 background score: 0.82   mIoU: 53.747%   FP: 3.681       FN: 42.573
83/100 background score: 0.83   mIoU: 51.567%   FP: 3.472       FN: 44.961
84/100 background score: 0.84   mIoU: 49.199%   FP: 3.268       FN: 47.533
85/100 background score: 0.85   mIoU: 46.622%   FP: 3.065       FN: 50.313
86/100 background score: 0.86   mIoU: 43.839%   FP: 2.872       FN: 53.289
87/100 background score: 0.87   mIoU: 40.817%   FP: 2.681       FN: 56.502
88/100 background score: 0.88   mIoU: 37.545%   FP: 2.493       FN: 59.961
89/100 background score: 0.89   mIoU: 34.037%   FP: 2.316       FN: 63.646
90/100 background score: 0.90   mIoU: 30.341%   FP: 2.147       FN: 67.513
91/100 background score: 0.91   mIoU: 26.488%   FP: 1.978       FN: 71.534
92/100 background score: 0.92   mIoU: 22.541%   FP: 1.815       FN: 75.644
93/100 background score: 0.93   mIoU: 18.602%   FP: 1.678       FN: 79.720
94/100 background score: 0.94   mIoU: 14.835%   FP: 1.565       FN: 83.600
95/100 background score: 0.95   mIoU: 11.386%   FP: 1.462       FN: 87.152
96/100 background score: 0.96   mIoU: 8.491%    FP: 1.381       FN: 90.128
97/100 background score: 0.97   mIoU: 6.263%    FP: 1.329       FN: 92.407
98/100 background score: 0.98   mIoU: 4.720%    FP: 1.295       FN: 93.985
99/100 background score: 0.99   mIoU: 3.832%    FP: 1.276       FN: 94.892
100/100 background score: 1.00  mIoU: 3.493%    FP: 1.269       FN: 95.238